state = {
	id = 43
	name = "STATE_43"
	state_category = rural
	provinces = {
		10368 363 616 1109 1260 1318 1450 1561 1579 1697 1865 1867 1874 2030 2501 2632 2886 2898 3001 3025 3039 3066 3422 3467 3470 3586 3674 3945 4043 4109 4129 4136 4142 4530 4564 4630 4749 5320 5406 5650 5795 5822 5974 6055 6057 6059 6197 6208 6443 6467 6538 6842 7157 7158 7191 7203 7251 7300 7301 7312 7332 7358 7362 7372 7376 7398 7400 7406 7442 10370 10371 10372 10373 10374 10375 12966 12972 12988
	}
	manpower = 280000
	history = {
		owner = MIE
		add_core_of = MIE
	}
}
