state = {
	id = 52
	name = "STATE_52"
	manpower = 1
	state_category = town
	provinces = {
		1 2 4 38 56 58 70 80 87 94 95 98 111 127 132 142 154 156 161 170 175 185 186 193 200 206 223 224 240 248 268 272 274 288 313 329 348 351 352 353 354 362 375 376 384 395 417 423 431 436 437 445 454 468 480 488 499 519 522 526 534 540 541 546 552 556 557 561 564 568 574 584 587 596 597 602 610 620 625 632 633 634 637 638 654 669 676 677 679 682 696 702 711 713 726 729 732 742 743 751 756 763 765 801 803 812 822 830 831 842 846 851 853 856 864 871 883 886 888 889 911 927 940 943 945 949 952 962 995 1007 1020 1021 1029 1037 1039 1041 1049 1055 1058 1061 1070 1072 1076 1096 1113 1129 1140 1153 1158 1159 1160 1167 1172 1177 1203 1206 1211 1212 1224 1234 1237 1257 1267 1273 1282 1283 1284 1293 1297 1299 1303 1306 1308 1338 1349 1358 1359 1360 1361 1364 1365 1379 1383 1400 1402 1406 1407 1411 1414 1434 1441 1454 1471 1474 1479 1507 1524 1527 1554 1555 1557 1560 1571 1588 1589 1596 1602 1605 1612 1632 1656 1662 1672 1674 1685 1694 1698 1704 1710 1733 1737 1747 1749 1760 1766 1767 1786 1809 1820 1834 1847 1858 1866 1869 1871 1878 1888 1894 1896 1897 1902 1908 1925 1929 1945 1947 1957 1967 1969 1971 1981 1996 2018 2032 2040 2046 2048 2056 2057 2065 2073 2076 2085 2086 2088 2093 2102 2115 2117 2153 2156 2159 2160 2171 2179 2187 2197 2212 2214 2222 2226 2233 2251 2252 2257 2296 2298 2299 2311 2316 2320 2324 2347 2356 2372 2386 2394 2397 2399 2404 2410 2421 2427 2431 2433 2442 2447 2465 2467 2495 2500 2513 2515 2519 2535 2541 2551 2552 2570 2572 2573 2577 2588 2592 2596 2599 2601 2612 2626 2657 2672 2692 2710 2711 2717 2724 2735 2740 2752 2759 2774 2785 2796 2805 2810 2842 2844 2862 2880 2884 2890 2893 2917 2931 2947 2962 2969 2980 2994 3004 3007 3012 3013 3041 3049 3064 3076 3094 3096 3114 3122 3124 3128 3158 3167 3176 3181 3192 3204 3211 3216 3222 3230 3238 3239 3248 3258 3273 3283 3287 3304 3307 3309 3327 3344 3353 3380 3382 3399 3406 3409 3428 3458 3459 3465 3476 3494 3501 3517 3529 3530 3573 3578 3611 3622 3624 3631 3644 3658 3661 3664 3676 3677 3685 3689 3701 3731 3758 3759 3762 3774 3810 3826 3871 3873 3878 3887 3895 3901 3930 3944 3960 3987 4001 4003 4014 4023 4039 4041 4050 4052 4055 4057 4065 4073 4086 4102 4104 4122 4130 4159 4161 4173 4183 4187 4218 4221 4223 4245 4249 4255 4256 4263 4264 4269 4295 4309 4317 4319 4321 4326 4329 4330 4344 4347 4380 4418 4423 4428 4430 4441 4454 4456 4475 4476 4480 4486 4497 4509 4544 4551 4558 4573 4577 4600 4616 4648 4651 4653 4654 4671 4684 4705 4710 4717 4745 4753 4755 4759 4762 4781 4809 4834 4846 4885 4907 4921 4928 4935 4948 4959 4971 4976 4992 4997 5008 5009 5050 5074 5081 5087 5091 5134 5135 5142 5171 5184 5230 5238 5251 5261 5269 5271 5283 5294 5304 5313 5328 5350 5357 5358 5360 5362 5373 5383 5394 5395 5398 5399 5407 5422 5441 5501 5566 5574 5595 5631 5640 5670 5699 5716 5743 5744 5750 5785 5801 5804 5805 5807 5815 5829 5836 5867 5892 5898 5903 5914 5928 5939 5948 5954 5956 5965 5982 6005 6016 6018 6026 6077 6086 6121 6138 6170 6271 6313 6335 6339 6348 6351 6355 6396 6418 6450 6453 6475 6482 6509 6513 6526 6542 6549 6551 6573 6610 6619 6656 6663 6685 6689 6728 6771 6789 6791 6798 6802 6832 6854 6855 6856 6857 6858 6862 6869 6871 6872 6875 6881 6882 6885 6887 6890 6891 6896 6897 6899 6902 6908 6909 6912 6913 6914 6916 6917 6918 6921 6924 6935 6939 6940 6941 6948 6953 6954 6960 6966 6977 7005 7008 7012 7020 7033 7043 7047 7048 7049 7050 7057 7065 7067 7068 7070 7074 7084 7088 7089 7090 7095 7103 7105 7107 7108 7119 7122 7123 7125 7128 7129 7138 7141 7142 7145 7148 7149 7150 7151 7155 7163 7167 7176 7177 7178 7180 7183 7185 7188 7190 7193 7200 7201 7202 7215 7216 7217 7218 7222 7223 7224 7226 7227 7228 7232 7235 7238 7241 7247 7248 7253 7254 7255 7256 7257 7258 7259 7261 7268 7272 7274 7277 7279 7280 7282 7285 7290 7291 7294 7296 7299 7302 7305 7306 7307 7310 7314 7315 7319 7320 7322 7325 7327 7329 7333 7337 7340 7342 7345 7351 7352 7356 7361 7365 7367 7369 7375 7380 7392 7394 7405 7416 7418 7433 7450 7455 7459 7468 7475 7478 7495 7509 7526 7550 7568 7575 7590 7605 7638 7639 7640 7675 7691 7696 7706 7723 7732 7733 7809 7834 7843 7848 10233 10234 10235 10237 10239 10242 10246 10271 10276 10281 10282 10283 10289 10332 10334 10337 10339 10342 10353 10354 10365 10376 10377 10379 10382 10383 10385 10386 10389 10392 12759 12761 12762 12763 12767 12771 12782 12787 12788 12789 12790 12793 12794 12796 12797 12798 12799 12800 12801 12802 12804 12807 12808 12809 12810 12812 12813 12817 12818 12822 12825 12827 12830 12831 12833 12835 12836 12837 12843 12844 12846 12849 12852 12854 12857 12864 12865 12866 12869 12870 12876 12878 12883 12887 12888 12891 12894 12896 12898 12899 12901 12902 12903 12905 12907 12908 12909 12911 12912 12915 12916 12919 12921 12922 12925 12926 12930 12931 12934 12935 12936 12946 12947 12948 12952 12954 12955 12956 12958 12959 12960 12962 12965 12967 12968 12970 12971 12973 12976 12978 12979 12980 12984 12989 12995
	}
	history = {
		owner = ZZZ
		add_core_of = ZZZ
	}
}
