state = {
	id = 54
	name = "STATE_54"
	manpower = 1
	state_category = rural
	provinces = { 15 22 24 25 29 31 32 34 47 73 74 77 79 82 93 100 116 131 137 138 140 141 176 177 188 197 199 205 243 246 253 271 278 280 284 289 304 311 316 319 336 342 345 364 368 377 396 397 398 409 416 422 429 435 452 460 466 469 490 496 500 506 520 531 537 550 559 563 566 571 577 580 593 600 604 607 612 613 636 641 651 658 680 691 693 700 705 715 716 721 725 730 735 741 759 760 771 773 782 786 789 816 818 841 847 861 868 870 872 878 880 893 894 901 902 905 907 908 919 920 924 930 936 937 956 981 993 999 1000 1003 1005 1010 1025 1031 1034 1036 1040 1065 1079 1104 1131 1142 1162 1166 1183 1196 1202 1216 1217 1236 1243 1247 1261 1275 1281 1312 1342 1376 1381 1385 1420 1446 1475 1476 1495 1503 1508 1510 1543 1559 1563 1584 1687 1691 1693 1713 1727 1739 1753 1763 1773 1780 1793 1794 1797 1802 1808 1811 1817 1836 1875 1895 1898 1906 1921 1923 1941 1970 1976 1987 2004 2006 2015 2031 2049 2054 2069 2081 2096 2106 2116 2120 2126 2155 2181 2264 2277 2281 2294 2366 2367 2381 2384 2388 2401 2419 2420 2444 2448 2472 2506 2529 2545 2623 2637 2638 2639 2647 2666 2713 2728 2732 2765 2778 2792 2811 2812 2817 2851 2859 2875 2888 2919 2995 3035 3043 3062 3073 3097 3119 3173 3193 3256 3260 3298 3313 3316 3318 3319 3321 3337 3348 3351 3379 3385 3398 3446 3454 3474 3483 3496 3510 3527 3532 3545 3546 3564 3585 3599 3603 3651 3680 3684 3690 3694 3696 3697 3699 3702 3714 3768 3773 3801 3802 3831 3844 3847 3857 3865 3880 3900 3910 3925 3949 3956 3981 3983 3990 3993 3994 4047 4079 4095 4123 4147 4170 4194 4211 4254 4303 4315 4338 4340 4356 4372 4388 4395 4464 4472 4536 4582 4585 4594 4610 4629 4635 4667 4672 4690 4703 4729 4732 4735 4774 4790 4890 4894 4916 4967 4983 5002 5011 5062 5107 5201 5223 5246 5305 5308 5312 5381 5413 5415 5469 5497 5523 5568 5569 5572 5594 5606 5613 5619 5636 5668 5680 5697 5779 5847 5850 5852 5913 5938 5940 5946 5972 6001 6004 6006 6025 6087 6104 6150 6152 6220 6239 6275 6285 6293 6307 6328 6362 6383 6401 6411 6423 6439 6460 6505 6515 6527 6528 6562 6636 6662 6747 6813 6859 6863 6874 6880 6888 6895 6898 6903 6907 6911 6919 6926 6928 6929 6930 6931 6937 6943 6944 6947 6950 6951 6952 6959 6962 6965 6967 6968 6970 6973 6979 6983 6989 6990 6992 6995 7000 7001 7002 7013 7016 7019 7021 7022 7024 7027 7028 7030 7031 7032 7036 7037 7038 7040 7041 7042 7044 7052 7053 7054 7055 7061 7063 7064 7066 7071 7073 7078 7080 7081 7085 7086 7091 7092 7098 7099 7102 7106 7111 7112 7113 7114 7120 7121 7130 7131 7140 7144 7156 7160 7164 7170 7172 7181 7192 7194 7198 7207 7220 7221 7230 7275 7276 10241 10256 10261 10262 10295 10325 10328 10331 10341 10349 10351 10356 10358 10360 10361 10362 10363 10364 10366 10367 10369 12757 12758 12760 12764 12765 12766 12769 12772 12773 12774 12775 12776 12777 12778 12779 12780 12781 12783 12785 12786 12803 12806 12815 12816 12821 12823 12824 12829 12832 12840 12841 12842 12847 12848 12853 12856 12858 12859 12861 12862 12871 12872 12873 12874 12875 12880 12881 12882 12884 12886 12889 12890 12892 12893 12895 12897 12900 12906 12910 12913 12914 12923 12924 12927 12928 12929 12932 12937 12940 12941 12942 12943 12944 12945 12949 12950 12951 12961 12963 12964 12969 }
	history = {
		owner = ZZZ
		add_core_of = ZZZ
	}
}
